<?xml version="1.0"?>
<opencv_storage>
<entity_props type_id="opencv-matrix">
  <rows>30</rows>
  <cols>1</cols>
  <dt>d</dt>
  <data>
    3. 8. 15. 20. 100. 65. 51. 65. 31. 6. 173. 88. 186. 93. 51. 63. 167.
    132. 115. 125. 190. 58. 249. 50. 96. 85. 87. 39. 143. 128.</data></entity_props>
</opencv_storage>
