<?xml version="1.0"?>
<opencv_storage>
<entity_props type_id="opencv-matrix">
  <rows>30</rows>
  <cols>1</cols>
  <dt>d</dt>
  <data>
<<<<<<< .mine
    3. 3. 26. 18. 98. 19. 51. 65. 45. 6. 173. 88. 100. 53. 160. 125.
    167. 132. 115. 125. 190. 58. 120. 28. 148. 101. 73. 15. 143. 128.</data></entity_props>
=======
    3. 7. 26. 18. 98. 19. 51. 65. 45. 6. 173. 88. 60. 40. 160. 125. 167.
    132. 115. 125. 190. 58. 204. 86. 148. 101. 87. 39. 143. 128.</data></entity_props>
>>>>>>> .r93
</opencv_storage>
