%YAML:1.0
distortion: !!opencv-matrix
   rows: 5
   cols: 1
   dt: f
   data: [ -3.4473014400939617e-01, 3.0060221553691907e-01, 1.5463853473333623e-03, 2.2222438243647870e-04, -2.7032548773853293e-01 ]
       
